euclidean - k: 1
              precision    recall  f1-score   support

         0.0       1.00      1.00      1.00       178
         1.0       0.92      0.98      0.95       182
         2.0       1.00      0.99      1.00       177
         3.0       0.97      0.98      0.97       183
         4.0       0.97      0.96      0.97       181
         5.0       0.96      0.98      0.97       182
         6.0       0.98      1.00      0.99       181
         7.0       1.00      0.97      0.99       179
         8.0       0.95      0.93      0.94       174
         9.0       0.96      0.91      0.93       180

    accuracy                           0.97      1797
   macro avg       0.97      0.97      0.97      1797
weighted avg       0.97      0.97      0.97      1797

[[178   0   0   0   0   0   0   0   0   0]
 [  0 179   0   0   0   0   2   0   1   0]
 [  0   1 176   0   0   0   0   0   0   0]
 [  0   1   0 179   0   0   0   0   2   1]
 [  0   5   0   0 174   0   0   0   2   0]
 [  0   0   0   0   1 178   1   0   0   2]
 [  0   0   0   0   0   0 181   0   0   0]
 [  0   0   0   0   1   0   0 174   1   3]
 [  0   9   0   1   0   0   1   0 162   1]
 [  0   0   0   5   3   7   0   0   2 163]]

euclidean - k: 3
              precision    recall  f1-score   support

         0.0       0.99      1.00      0.99       178
         1.0       0.92      1.00      0.96       182
         2.0       0.99      0.99      0.99       177
         3.0       0.97      0.98      0.98       183
         4.0       0.98      0.96      0.97       181
         5.0       0.99      0.98      0.99       182
         6.0       0.99      0.99      0.99       181
         7.0       1.00      0.97      0.98       179
         8.0       0.96      0.93      0.95       174
         9.0       0.96      0.96      0.96       180

    accuracy                           0.98      1797
   macro avg       0.98      0.98      0.98      1797
weighted avg       0.98      0.98      0.98      1797

[[178   0   0   0   0   0   0   0   0   0]
 [  0 182   0   0   0   0   0   0   0   0]
 [  0   2 175   0   0   0   0   0   0   0]
 [  0   1   1 180   0   0   0   0   1   0]
 [  0   5   0   0 174   0   0   0   2   0]
 [  1   0   0   0   1 178   1   0   0   1]
 [  1   0   0   0   0   0 180   0   0   0]
 [  0   0   0   0   1   0   0 173   1   4]
 [  0   8   0   2   0   0   0   0 162   2]
 [  0   0   0   3   2   1   0   0   2 172]]

euclidean - k: 5
              precision    recall  f1-score   support

         0.0       1.00      1.00      1.00       178
         1.0       0.90      0.99      0.95       182
         2.0       1.00      0.98      0.99       177
         3.0       0.97      0.97      0.97       183
         4.0       0.99      0.96      0.98       181
         5.0       0.99      0.98      0.98       182
         6.0       0.99      0.99      0.99       181
         7.0       0.99      0.98      0.99       179
         8.0       0.96      0.93      0.94       174
         9.0       0.96      0.95      0.96       180

    accuracy                           0.97      1797
   macro avg       0.98      0.97      0.97      1797
weighted avg       0.98      0.97      0.97      1797

[[178   0   0   0   0   0   0   0   0   0]
 [  0 181   0   0   0   0   1   0   0   0]
 [  0   3 173   0   0   0   0   1   0   0]
 [  0   1   0 178   0   0   0   1   3   0]
 [  0   6   0   0 174   0   0   0   1   0]
 [  0   0   0   0   1 178   1   0   0   2]
 [  0   0   0   0   0   1 180   0   0   0]
 [  0   0   0   0   0   0   0 176   0   3]
 [  0   8   0   2   0   0   0   0 162   2]
 [  0   2   0   3   0   1   0   0   3 171]]

euclidean - k: 7
              precision    recall  f1-score   support

         0.0       1.00      1.00      1.00       178
         1.0       0.91      0.99      0.95       182
         2.0       1.00      0.97      0.99       177
         3.0       0.98      0.96      0.97       183
         4.0       0.99      0.97      0.98       181
         5.0       0.98      0.98      0.98       182
         6.0       0.99      0.99      0.99       181
         7.0       0.98      0.98      0.98       179
         8.0       0.95      0.93      0.94       174
         9.0       0.96      0.96      0.96       180

    accuracy                           0.97      1797
   macro avg       0.97      0.97      0.97      1797
weighted avg       0.97      0.97      0.97      1797

[[178   0   0   0   0   0   0   0   0   0]
 [  0 181   0   0   0   0   1   0   0   0]
 [  0   4 172   0   0   0   0   1   0   0]
 [  0   1   0 176   0   0   0   2   4   0]
 [  0   4   0   0 175   0   0   0   2   0]
 [  0   0   0   0   1 178   1   0   0   2]
 [  0   0   0   0   0   1 180   0   0   0]
 [  0   0   0   0   0   0   0 175   0   4]
 [  0   9   0   2   0   0   0   0 161   2]
 [  0   1   0   2   0   2   0   0   2 173]]

euclidean - k: 9
              precision    recall  f1-score   support

         0.0       1.00      1.00      1.00       178
         1.0       0.91      0.99      0.95       182
         2.0       1.00      0.97      0.99       177
         3.0       0.98      0.95      0.96       183
         4.0       0.99      0.97      0.98       181
         5.0       0.97      0.98      0.98       182
         6.0       0.99      0.99      0.99       181
         7.0       0.98      0.97      0.97       179
         8.0       0.94      0.92      0.93       174
         9.0       0.95      0.96      0.95       180

    accuracy                           0.97      1797
   macro avg       0.97      0.97      0.97      1797
weighted avg       0.97      0.97      0.97      1797

[[178   0   0   0   0   0   0   0   0   0]
 [  0 181   0   0   0   0   1   0   0   0]
 [  0   3 172   0   0   0   0   2   0   0]
 [  0   1   0 174   0   1   0   2   5   0]
 [  0   4   0   0 175   0   0   0   2   0]
 [  0   0   0   0   1 178   1   0   0   2]
 [  0   0   0   0   0   1 180   0   0   0]
 [  0   0   0   0   0   0   0 173   1   5]
 [  0   9   0   2   0   1   0   0 160   2]
 [  0   2   0   2   0   2   0   0   2 172]]

euclidean - k: 11
              precision    recall  f1-score   support

         0.0       1.00      1.00      1.00       178
         1.0       0.90      0.99      0.94       182
         2.0       1.00      0.97      0.99       177
         3.0       0.98      0.95      0.96       183
         4.0       0.99      0.96      0.97       181
         5.0       0.98      0.98      0.98       182
         6.0       0.98      0.99      0.99       181
         7.0       0.98      0.97      0.97       179
         8.0       0.93      0.90      0.92       174
         9.0       0.95      0.96      0.95       180

    accuracy                           0.97      1797
   macro avg       0.97      0.97      0.97      1797
weighted avg       0.97      0.97      0.97      1797

[[178   0   0   0   0   0   0   0   0   0]
 [  0 180   0   0   0   0   1   0   0   1]
 [  0   3 172   0   0   0   0   2   0   0]
 [  0   1   0 174   0   0   0   2   6   0]
 [  0   5   0   0 173   0   1   0   2   0]
 [  0   0   0   0   1 179   1   0   0   1]
 [  0   0   0   0   0   1 180   0   0   0]
 [  0   0   0   0   0   0   0 173   1   5]
 [  0  11   0   2   0   1   1   0 157   2]
 [  0   1   0   2   1   1   0   0   3 172]]

euclidean - k: 13
              precision    recall  f1-score   support

         0.0       0.99      1.00      1.00       178
         1.0       0.89      0.99      0.94       182
         2.0       1.00      0.97      0.98       177
         3.0       0.98      0.96      0.97       183
         4.0       0.99      0.95      0.97       181
         5.0       0.98      0.98      0.98       182
         6.0       0.98      0.99      0.99       181
         7.0       0.97      0.97      0.97       179
         8.0       0.95      0.91      0.93       174
         9.0       0.96      0.95      0.95       180

    accuracy                           0.97      1797
   macro avg       0.97      0.97      0.97      1797
weighted avg       0.97      0.97      0.97      1797

[[178   0   0   0   0   0   0   0   0   0]
 [  0 180   0   0   0   0   1   0   0   1]
 [  0   3 171   0   0   0   0   2   1   0]
 [  0   1   0 175   0   1   0   3   3   0]
 [  0   6   0   0 172   0   1   0   2   0]
 [  0   0   0   0   1 179   1   0   0   1]
 [  0   0   0   0   0   1 180   0   0   0]
 [  0   0   0   0   0   0   0 174   1   4]
 [  0  11   0   2   0   0   1   0 158   2]
 [  1   1   0   2   1   2   0   0   2 171]]

euclidean - k: 15
              precision    recall  f1-score   support

         0.0       0.99      1.00      1.00       178
         1.0       0.89      0.99      0.94       182
         2.0       1.00      0.97      0.99       177
         3.0       0.98      0.97      0.97       183
         4.0       0.99      0.95      0.97       181
         5.0       0.99      0.98      0.99       182
         6.0       0.98      0.99      0.99       181
         7.0       0.97      0.97      0.97       179
         8.0       0.96      0.91      0.93       174
         9.0       0.96      0.96      0.96       180

    accuracy                           0.97      1797
   macro avg       0.97      0.97      0.97      1797
weighted avg       0.97      0.97      0.97      1797

[[178   0   0   0   0   0   0   0   0   0]
 [  0 181   0   0   0   0   1   0   0   0]
 [  0   3 172   0   0   0   0   2   0   0]
 [  0   1   0 177   0   1   0   3   1   0]
 [  0   6   0   0 172   0   1   0   2   0]
 [  0   0   0   0   1 179   1   0   0   1]
 [  0   0   0   0   0   0 180   0   1   0]
 [  0   0   0   0   0   0   0 174   1   4]
 [  0  10   0   2   0   0   1   1 158   2]
 [  1   2   0   2   0   1   0   0   2 172]]

euclidean - k: 17
              precision    recall  f1-score   support

         0.0       0.99      1.00      1.00       178
         1.0       0.88      0.98      0.93       182
         2.0       0.99      0.97      0.98       177
         3.0       0.98      0.97      0.97       183
         4.0       0.99      0.95      0.97       181
         5.0       0.98      0.98      0.98       182
         6.0       0.98      0.99      0.99       181
         7.0       0.97      0.98      0.97       179
         8.0       0.96      0.90      0.93       174
         9.0       0.97      0.95      0.96       180

    accuracy                           0.97      1797
   macro avg       0.97      0.97      0.97      1797
weighted avg       0.97      0.97      0.97      1797

[[178   0   0   0   0   0   0   0   0   0]
 [  0 179   2   0   0   0   1   0   0   0]
 [  0   4 171   0   0   0   0   2   0   0]
 [  0   0   0 177   0   2   0   3   1   0]
 [  0   6   0   0 172   0   1   0   2   0]
 [  0   0   0   0   1 179   1   0   0   1]
 [  0   0   0   0   0   1 180   0   0   0]
 [  0   0   0   0   0   0   0 175   1   3]
 [  0  12   0   2   0   0   1   1 156   2]
 [  1   2   0   2   0   1   0   0   3 171]]

euclidean - k: 19
              precision    recall  f1-score   support

         0.0       0.99      1.00      1.00       178
         1.0       0.88      0.98      0.93       182
         2.0       0.99      0.97      0.98       177
         3.0       0.97      0.97      0.97       183
         4.0       0.99      0.96      0.97       181
         5.0       0.98      0.98      0.98       182
         6.0       0.98      0.99      0.99       181
         7.0       0.96      0.98      0.97       179
         8.0       0.95      0.88      0.91       174
         9.0       0.97      0.95      0.96       180

    accuracy                           0.97      1797
   macro avg       0.97      0.97      0.97      1797
weighted avg       0.97      0.97      0.97      1797

[[178   0   0   0   0   0   0   0   0   0]
 [  0 179   2   0   0   0   1   0   0   0]
 [  0   4 171   0   0   0   0   2   0   0]
 [  0   0   0 177   0   2   0   3   1   0]
 [  0   4   0   0 173   0   1   0   3   0]
 [  0   0   0   0   1 179   1   0   0   1]
 [  0   0   0   0   0   0 180   0   1   0]
 [  0   0   0   0   0   0   0 175   1   3]
 [  0  15   0   2   0   0   1   1 153   2]
 [  1   1   0   3   0   1   0   1   2 171]]

manhattan - k: 1
              precision    recall  f1-score   support

         0.0       0.99      1.00      0.99       178
         1.0       0.89      0.99      0.94       182
         2.0       0.99      0.99      0.99       177
         3.0       0.97      0.97      0.97       183
         4.0       0.97      0.94      0.96       181
         5.0       0.96      0.98      0.97       182
         6.0       0.98      0.98      0.98       181
         7.0       0.99      0.97      0.98       179
         8.0       0.95      0.88      0.91       174
         9.0       0.95      0.91      0.93       180

    accuracy                           0.96      1797
   macro avg       0.96      0.96      0.96      1797
weighted avg       0.96      0.96      0.96      1797

[[178   0   0   0   0   0   0   0   0   0]
 [  0 181   0   0   0   0   1   0   0   0]
 [  0   1 176   0   0   0   0   0   0   0]
 [  0   1   0 178   0   0   0   1   3   0]
 [  0   7   0   0 171   0   0   0   2   1]
 [  0   0   0   0   1 179   0   0   0   2]
 [  2   0   0   0   0   1 178   0   0   0]
 [  0   0   0   0   1   0   0 174   1   3]
 [  0  13   2   2   0   0   2   0 153   2]
 [  0   0   0   4   4   7   0   0   2 163]]

manhattan - k: 3
              precision    recall  f1-score   support

         0.0       0.99      1.00      0.99       178
         1.0       0.88      1.00      0.93       182
         2.0       0.98      0.97      0.97       177
         3.0       0.96      0.95      0.96       183
         4.0       0.98      0.96      0.97       181
         5.0       0.97      0.98      0.98       182
         6.0       0.99      0.99      0.99       181
         7.0       0.98      0.97      0.98       179
         8.0       0.94      0.87      0.91       174
         9.0       0.96      0.92      0.94       180

    accuracy                           0.96      1797
   macro avg       0.96      0.96      0.96      1797
weighted avg       0.96      0.96      0.96      1797

[[178   0   0   0   0   0   0   0   0   0]
 [  0 182   0   0   0   0   0   0   0   0]
 [  0   4 171   0   0   0   0   1   1   0]
 [  0   1   2 174   0   1   0   1   4   0]
 [  0   6   0   0 174   0   0   0   1   0]
 [  1   0   0   0   1 178   1   0   0   1]
 [  1   0   0   0   0   0 180   0   0   0]
 [  0   0   0   0   0   0   0 174   1   4]
 [  0  14   2   3   0   0   1   0 152   2]
 [  0   1   0   4   2   4   0   1   2 166]]

manhattan - k: 5
              precision    recall  f1-score   support

         0.0       1.00      1.00      1.00       178
         1.0       0.88      1.00      0.94       182
         2.0       1.00      0.97      0.99       177
         3.0       0.97      0.97      0.97       183
         4.0       0.99      0.97      0.98       181
         5.0       0.98      0.98      0.98       182
         6.0       0.98      1.00      0.99       181
         7.0       0.99      0.98      0.98       179
         8.0       0.96      0.89      0.92       174
         9.0       0.97      0.94      0.96       180

    accuracy                           0.97      1797
   macro avg       0.97      0.97      0.97      1797
weighted avg       0.97      0.97      0.97      1797

[[178   0   0   0   0   0   0   0   0   0]
 [  0 182   0   0   0   0   0   0   0   0]
 [  0   4 172   0   0   0   0   1   0   0]
 [  0   1   0 178   0   1   0   1   2   0]
 [  0   5   0   0 175   0   0   0   1   0]
 [  0   0   0   0   1 179   1   0   0   1]
 [  0   0   0   0   0   0 181   0   0   0]
 [  0   0   0   0   0   0   0 175   1   3]
 [  0  14   0   2   0   0   2   0 154   2]
 [  0   1   0   4   0   2   0   0   3 170]]

manhattan - k: 7
              precision    recall  f1-score   support

         0.0       1.00      1.00      1.00       178
         1.0       0.86      0.99      0.92       182
         2.0       1.00      0.97      0.99       177
         3.0       0.97      0.96      0.96       183
         4.0       0.99      0.96      0.98       181
         5.0       0.97      0.98      0.98       182
         6.0       0.98      0.99      0.99       181
         7.0       0.98      0.98      0.98       179
         8.0       0.95      0.87      0.91       174
         9.0       0.96      0.94      0.95       180

    accuracy                           0.96      1797
   macro avg       0.97      0.96      0.96      1797
weighted avg       0.97      0.96      0.97      1797

[[178   0   0   0   0   0   0   0   0   0]
 [  0 181   0   0   0   0   1   0   0   0]
 [  0   3 172   0   0   0   0   2   0   0]
 [  0   1   0 175   0   1   0   2   3   1]
 [  0   6   0   0 174   0   0   0   1   0]
 [  0   0   0   0   1 179   1   0   0   1]
 [  0   0   0   0   0   1 180   0   0   0]
 [  0   0   0   0   0   0   0 175   1   3]
 [  0  17   0   2   0   0   2   0 151   2]
 [  0   2   0   3   0   3   0   0   3 169]]

manhattan - k: 9
              precision    recall  f1-score   support

         0.0       0.99      1.00      0.99       178
         1.0       0.87      0.99      0.93       182
         2.0       0.99      0.96      0.97       177
         3.0       0.97      0.96      0.96       183
         4.0       0.99      0.95      0.97       181
         5.0       0.98      0.98      0.98       182
         6.0       0.98      0.99      0.98       181
         7.0       0.98      0.98      0.98       179
         8.0       0.94      0.88      0.91       174
         9.0       0.95      0.94      0.95       180

    accuracy                           0.96      1797
   macro avg       0.96      0.96      0.96      1797
weighted avg       0.96      0.96      0.96      1797

[[178   0   0   0   0   0   0   0   0   0]
 [  0 181   0   0   0   0   1   0   0   0]
 [  0   4 170   0   0   0   0   2   1   0]
 [  0   1   1 175   0   1   0   1   3   1]
 [  0   7   0   0 172   0   0   0   2   0]
 [  0   0   0   0   1 178   1   0   0   2]
 [  1   0   0   0   0   1 179   0   0   0]
 [  0   0   0   0   0   0   0 175   1   3]
 [  0  14   1   1   0   0   2   1 153   2]
 [  1   1   0   4   0   2   0   0   3 169]]

manhattan - k: 11
              precision    recall  f1-score   support

         0.0       0.99      0.99      0.99       178
         1.0       0.87      0.99      0.93       182
         2.0       0.99      0.97      0.98       177
         3.0       0.98      0.96      0.97       183
         4.0       0.99      0.95      0.97       181
         5.0       0.98      0.98      0.98       182
         6.0       0.97      0.99      0.98       181
         7.0       0.97      0.98      0.97       179
         8.0       0.94      0.86      0.90       174
         9.0       0.97      0.94      0.96       180

    accuracy                           0.96      1797
   macro avg       0.96      0.96      0.96      1797
weighted avg       0.96      0.96      0.96      1797

[[177   0   0   0   1   0   0   0   0   0]
 [  0 181   0   0   0   0   1   0   0   0]
 [  0   4 171   0   0   0   0   2   0   0]
 [  0   1   0 175   0   1   0   2   4   0]
 [  0   7   0   0 172   0   0   0   2   0]
 [  0   0   0   0   1 179   1   0   0   1]
 [  1   0   0   0   0   0 180   0   0   0]
 [  0   0   0   0   0   0   0 175   1   3]
 [  0  15   2   1   0   0   3   1 150   2]
 [  1   1   0   3   0   2   0   0   3 170]]

manhattan - k: 13
              precision    recall  f1-score   support

         0.0       0.99      0.99      0.99       178
         1.0       0.86      0.99      0.92       182
         2.0       1.00      0.97      0.98       177
         3.0       0.97      0.95      0.96       183
         4.0       0.99      0.95      0.97       181
         5.0       0.98      0.98      0.98       182
         6.0       0.98      0.99      0.99       181
         7.0       0.96      0.97      0.97       179
         8.0       0.94      0.86      0.90       174
         9.0       0.96      0.94      0.95       180

    accuracy                           0.96      1797
   macro avg       0.96      0.96      0.96      1797
weighted avg       0.96      0.96      0.96      1797

[[177   0   0   0   1   0   0   0   0   0]
 [  0 181   0   0   0   0   1   0   0   0]
 [  0   4 171   0   0   0   0   2   0   0]
 [  0   1   0 174   0   1   0   3   4   0]
 [  0   7   0   0 172   0   0   1   1   0]
 [  0   0   0   0   1 179   1   0   0   1]
 [  1   0   0   0   0   0 180   0   0   0]
 [  0   0   0   0   0   0   0 174   1   4]
 [  0  16   0   3   0   0   2   1 150   2]
 [  1   1   0   3   0   3   0   0   3 169]]

manhattan - k: 15
              precision    recall  f1-score   support

         0.0       0.99      0.99      0.99       178
         1.0       0.86      0.99      0.92       182
         2.0       1.00      0.96      0.98       177
         3.0       0.97      0.95      0.96       183
         4.0       0.99      0.96      0.97       181
         5.0       0.98      0.98      0.98       182
         6.0       0.98      0.99      0.98       181
         7.0       0.96      0.98      0.97       179
         8.0       0.94      0.86      0.90       174
         9.0       0.97      0.94      0.95       180

    accuracy                           0.96      1797
   macro avg       0.96      0.96      0.96      1797
weighted avg       0.96      0.96      0.96      1797

[[177   0   0   0   1   0   0   0   0   0]
 [  0 180   0   0   0   0   1   0   0   1]
 [  0   5 170   0   0   0   0   2   0   0]
 [  0   1   0 173   0   1   0   4   4   0]
 [  0   6   0   0 173   0   0   1   1   0]
 [  0   0   0   0   1 179   1   0   0   1]
 [  1   0   0   0   0   1 179   0   0   0]
 [  0   0   0   0   0   0   0 176   1   2]
 [  0  16   0   3   0   0   2   1 150   2]
 [  1   2   0   3   0   2   0   0   3 169]]

manhattan - k: 17
              precision    recall  f1-score   support

         0.0       0.99      0.99      0.99       178
         1.0       0.86      0.98      0.92       182
         2.0       0.98      0.96      0.97       177
         3.0       0.97      0.93      0.95       183
         4.0       0.98      0.96      0.97       181
         5.0       0.98      0.97      0.98       182
         6.0       0.97      0.99      0.98       181
         7.0       0.95      0.97      0.96       179
         8.0       0.94      0.85      0.89       174
         9.0       0.95      0.94      0.94       180

    accuracy                           0.96      1797
   macro avg       0.96      0.96      0.96      1797
weighted avg       0.96      0.96      0.96      1797

[[177   0   0   0   1   0   0   0   0   0]
 [  0 179   1   0   0   0   1   0   0   1]
 [  0   5 170   0   0   0   0   2   0   0]
 [  0   1   0 171   0   1   0   5   5   0]
 [  0   6   0   0 173   0   0   1   1   0]
 [  0   0   0   0   2 177   1   0   0   2]
 [  1   0   0   0   0   0 180   0   0   0]
 [  0   0   0   0   0   0   0 174   1   4]
 [  0  16   2   2   0   0   3   1 148   2]
 [  1   2   0   3   0   2   0   0   3 169]]

manhattan - k: 19
              precision    recall  f1-score   support

         0.0       0.99      0.99      0.99       178
         1.0       0.84      0.98      0.91       182
         2.0       0.98      0.96      0.97       177
         3.0       0.97      0.94      0.96       183
         4.0       0.98      0.96      0.97       181
         5.0       0.98      0.98      0.98       182
         6.0       0.98      0.99      0.99       181
         7.0       0.96      0.97      0.96       179
         8.0       0.94      0.84      0.89       174
         9.0       0.95      0.94      0.95       180

    accuracy                           0.96      1797
   macro avg       0.96      0.96      0.96      1797
weighted avg       0.96      0.96      0.96      1797

[[177   0   0   0   1   0   0   0   0   0]
 [  0 179   1   0   0   0   1   0   0   1]
 [  0   5 170   0   0   0   0   2   0   0]
 [  0   1   0 172   0   1   0   4   5   0]
 [  0   6   0   0 174   0   0   0   1   0]
 [  0   0   0   0   2 178   1   0   0   1]
 [  1   0   0   0   0   0 180   0   0   0]
 [  0   0   0   0   0   0   0 174   1   4]
 [  0  19   2   2   0   0   2   1 146   2]
 [  1   2   0   3   0   2   0   1   2 169]]

