euclidean - k: 1
              precision    recall  f1-score   support

         0.0       1.00      1.00      1.00       178
         1.0       0.94      0.99      0.97       182
         2.0       1.00      0.99      0.99       177
         3.0       0.98      0.98      0.98       183
         4.0       0.98      0.98      0.98       181
         5.0       0.99      0.98      0.99       182
         6.0       1.00      1.00      1.00       181
         7.0       0.99      0.99      0.99       179
         8.0       0.97      0.94      0.96       174
         9.0       0.96      0.94      0.95       180

    accuracy                           0.98      1797
   macro avg       0.98      0.98      0.98      1797
weighted avg       0.98      0.98      0.98      1797

[[178   0   0   0   0   0   0   0   0   0]
 [  0 181   0   0   0   0   0   0   1   0]
 [  0   2 175   0   0   0   0   0   0   0]
 [  0   0   0 179   0   0   0   2   0   2]
 [  0   2   0   0 178   0   0   0   1   0]
 [  0   0   0   0   1 179   0   0   0   2]
 [  0   0   0   0   0   0 181   0   0   0]
 [  0   0   0   0   0   0   0 177   0   2]
 [  0   8   0   1   0   0   0   0 164   1]
 [  0   0   0   3   3   2   0   0   3 169]]

euclidean - k: 3
              precision    recall  f1-score   support

         0.0       1.00      1.00      1.00       178
         1.0       0.92      0.99      0.95       182
         2.0       1.00      0.98      0.99       177
         3.0       0.97      0.99      0.98       183
         4.0       0.99      0.98      0.99       181
         5.0       0.99      0.98      0.99       182
         6.0       0.99      1.00      1.00       181
         7.0       0.99      0.96      0.98       179
         8.0       0.97      0.93      0.95       174
         9.0       0.95      0.97      0.96       180

    accuracy                           0.98      1797
   macro avg       0.98      0.98      0.98      1797
weighted avg       0.98      0.98      0.98      1797

[[178   0   0   0   0   0   0   0   0   0]
 [  0 180   0   0   0   0   1   0   1   0]
 [  0   4 173   0   0   0   0   0   0   0]
 [  0   0   0 181   0   0   0   1   1   0]
 [  0   2   0   0 178   0   0   0   1   0]
 [  0   0   0   1   1 179   0   0   0   1]
 [  0   0   0   0   0   0 181   0   0   0]
 [  0   0   0   0   0   0   0 172   1   6]
 [  0   9   0   1   0   0   0   0 162   2]
 [  0   0   0   4   0   1   0   0   1 174]]

euclidean - k: 5
              precision    recall  f1-score   support

         0.0       1.00      1.00      1.00       178
         1.0       0.93      0.99      0.96       182
         2.0       1.00      0.98      0.99       177
         3.0       0.98      0.97      0.98       183
         4.0       0.99      0.99      0.99       181
         5.0       0.98      0.99      0.98       182
         6.0       0.99      0.99      0.99       181
         7.0       0.99      0.97      0.98       179
         8.0       0.96      0.93      0.95       174
         9.0       0.96      0.97      0.96       180

    accuracy                           0.98      1797
   macro avg       0.98      0.98      0.98      1797
weighted avg       0.98      0.98      0.98      1797

[[178   0   0   0   0   0   0   0   0   0]
 [  0 181   0   0   0   0   1   0   0   0]
 [  0   3 174   0   0   0   0   0   0   0]
 [  0   1   0 178   0   1   0   1   2   0]
 [  0   1   0   0 179   0   0   0   1   0]
 [  0   0   0   0   1 180   0   0   0   1]
 [  0   0   0   0   0   1 180   0   0   0]
 [  0   0   0   0   0   0   0 173   1   5]
 [  0   8   0   2   0   1   0   0 162   1]
 [  0   0   0   2   1   1   0   0   2 174]]

euclidean - k: 7
              precision    recall  f1-score   support

         0.0       1.00      1.00      1.00       178
         1.0       0.91      0.99      0.95       182
         2.0       1.00      0.98      0.99       177
         3.0       0.98      0.97      0.98       183
         4.0       0.99      0.98      0.99       181
         5.0       0.98      0.98      0.98       182
         6.0       0.99      0.99      0.99       181
         7.0       0.99      0.98      0.99       179
         8.0       0.95      0.92      0.94       174
         9.0       0.96      0.96      0.96       180

    accuracy                           0.98      1797
   macro avg       0.98      0.98      0.98      1797
weighted avg       0.98      0.98      0.98      1797

[[178   0   0   0   0   0   0   0   0   0]
 [  0 180   0   0   0   0   1   0   1   0]
 [  0   3 174   0   0   0   0   0   0   0]
 [  0   1   0 178   0   1   0   1   2   0]
 [  0   2   0   0 178   0   0   0   1   0]
 [  0   0   0   0   1 179   0   0   0   2]
 [  0   0   0   0   0   1 180   0   0   0]
 [  0   0   0   0   0   0   0 175   1   3]
 [  0  10   0   2   0   0   0   0 160   2]
 [  0   1   0   2   0   1   0   0   3 173]]

euclidean - k: 9
              precision    recall  f1-score   support

         0.0       1.00      1.00      1.00       178
         1.0       0.91      0.99      0.95       182
         2.0       1.00      0.97      0.99       177
         3.0       0.98      0.98      0.98       183
         4.0       0.99      0.99      0.99       181
         5.0       0.98      0.98      0.98       182
         6.0       0.99      1.00      1.00       181
         7.0       0.99      0.98      0.98       179
         8.0       0.97      0.91      0.94       174
         9.0       0.96      0.97      0.97       180

    accuracy                           0.98      1797
   macro avg       0.98      0.98      0.98      1797
weighted avg       0.98      0.98      0.98      1797

[[178   0   0   0   0   0   0   0   0   0]
 [  0 180   0   0   0   0   1   0   1   0]
 [  0   4 172   0   0   0   0   1   0   0]
 [  0   1   0 179   0   1   0   1   1   0]
 [  0   2   0   0 179   0   0   0   0   0]
 [  0   0   0   0   1 179   0   0   0   2]
 [  0   0   0   0   0   0 181   0   0   0]
 [  0   0   0   0   0   0   0 175   1   3]
 [  0  10   0   2   0   1   0   0 159   2]
 [  0   0   0   2   0   1   0   0   2 175]]

euclidean - k: 11
              precision    recall  f1-score   support

         0.0       1.00      1.00      1.00       178
         1.0       0.92      0.99      0.96       182
         2.0       1.00      0.97      0.99       177
         3.0       0.98      0.98      0.98       183
         4.0       0.99      0.99      0.99       181
         5.0       0.98      0.98      0.98       182
         6.0       0.99      0.99      0.99       181
         7.0       0.99      0.98      0.98       179
         8.0       0.98      0.93      0.95       174
         9.0       0.96      0.97      0.96       180

    accuracy                           0.98      1797
   macro avg       0.98      0.98      0.98      1797
weighted avg       0.98      0.98      0.98      1797

[[178   0   0   0   0   0   0   0   0   0]
 [  0 181   0   0   0   0   1   0   0   0]
 [  0   4 172   0   0   0   0   1   0   0]
 [  0   1   0 179   0   1   0   1   1   0]
 [  0   1   0   0 180   0   0   0   0   0]
 [  0   0   0   0   1 179   0   0   0   2]
 [  0   0   0   0   0   1 180   0   0   0]
 [  0   0   0   0   0   0   0 175   1   3]
 [  0   9   0   2   0   0   0   0 161   2]
 [  0   0   0   2   0   2   0   0   2 174]]

euclidean - k: 13
              precision    recall  f1-score   support

         0.0       1.00      1.00      1.00       178
         1.0       0.91      0.99      0.95       182
         2.0       1.00      0.97      0.99       177
         3.0       0.98      0.96      0.97       183
         4.0       0.99      0.98      0.99       181
         5.0       0.98      0.98      0.98       182
         6.0       0.99      1.00      0.99       181
         7.0       0.98      0.98      0.98       179
         8.0       0.95      0.92      0.94       174
         9.0       0.96      0.95      0.96       180

    accuracy                           0.97      1797
   macro avg       0.97      0.97      0.97      1797
weighted avg       0.97      0.97      0.97      1797

[[178   0   0   0   0   0   0   0   0   0]
 [  0 181   0   0   0   0   1   0   0   0]
 [  0   3 172   0   0   0   0   2   0   0]
 [  0   1   0 175   0   1   0   2   4   0]
 [  0   2   0   0 178   0   0   0   1   0]
 [  0   0   0   0   1 178   1   0   0   2]
 [  0   0   0   0   0   0 181   0   0   0]
 [  0   0   0   0   0   0   0 175   1   3]
 [  0  10   0   2   0   0   0   0 160   2]
 [  0   2   0   2   0   3   0   0   2 171]]

euclidean - k: 15
              precision    recall  f1-score   support

         0.0       1.00      1.00      1.00       178
         1.0       0.91      0.99      0.95       182
         2.0       1.00      0.97      0.99       177
         3.0       0.98      0.96      0.97       183
         4.0       0.99      0.99      0.99       181
         5.0       0.97      0.98      0.97       182
         6.0       0.99      0.99      0.99       181
         7.0       0.98      0.97      0.97       179
         8.0       0.96      0.91      0.94       174
         9.0       0.96      0.95      0.95       180

    accuracy                           0.97      1797
   macro avg       0.97      0.97      0.97      1797
weighted avg       0.97      0.97      0.97      1797

[[178   0   0   0   0   0   0   0   0   0]
 [  0 181   0   0   0   0   1   0   0   0]
 [  0   3 172   0   0   0   0   2   0   0]
 [  0   1   0 176   0   1   0   2   3   0]
 [  0   1   0   0 179   0   0   0   1   0]
 [  0   0   0   0   1 178   1   0   0   2]
 [  0   0   0   0   0   1 180   0   0   0]
 [  0   0   0   0   0   0   0 174   1   4]
 [  0  10   0   2   0   1   0   0 159   2]
 [  0   2   0   2   0   3   0   0   2 171]]

euclidean - k: 17
              precision    recall  f1-score   support

         0.0       1.00      1.00      1.00       178
         1.0       0.91      0.99      0.95       182
         2.0       1.00      0.97      0.99       177
         3.0       0.98      0.96      0.97       183
         4.0       0.99      0.99      0.99       181
         5.0       0.98      0.98      0.98       182
         6.0       0.99      1.00      0.99       181
         7.0       0.97      0.97      0.97       179
         8.0       0.95      0.91      0.93       174
         9.0       0.96      0.95      0.95       180

    accuracy                           0.97      1797
   macro avg       0.97      0.97      0.97      1797
weighted avg       0.97      0.97      0.97      1797

[[178   0   0   0   0   0   0   0   0   0]
 [  0 181   0   0   0   0   1   0   0   0]
 [  0   3 172   0   0   0   0   2   0   0]
 [  0   1   0 175   0   1   0   3   3   0]
 [  0   1   0   0 179   0   0   0   1   0]
 [  0   0   0   0   1 178   1   0   0   2]
 [  0   0   0   0   0   0 181   0   0   0]
 [  0   0   0   0   0   0   0 174   1   4]
 [  0  11   0   2   0   1   0   0 158   2]
 [  0   2   0   2   0   2   0   0   3 171]]

euclidean - k: 19
              precision    recall  f1-score   support

         0.0       1.00      1.00      1.00       178
         1.0       0.90      0.99      0.94       182
         2.0       0.99      0.97      0.98       177
         3.0       0.98      0.96      0.97       183
         4.0       0.99      0.98      0.99       181
         5.0       0.98      0.98      0.98       182
         6.0       0.99      1.00      0.99       181
         7.0       0.97      0.97      0.97       179
         8.0       0.96      0.91      0.93       174
         9.0       0.96      0.95      0.95       180

    accuracy                           0.97      1797
   macro avg       0.97      0.97      0.97      1797
weighted avg       0.97      0.97      0.97      1797

[[178   0   0   0   0   0   0   0   0   0]
 [  0 180   1   0   0   0   1   0   0   0]
 [  0   4 171   0   0   0   0   2   0   0]
 [  0   1   0 176   0   1   0   3   2   0]
 [  0   2   0   0 178   0   0   0   1   0]
 [  0   0   0   0   1 178   1   0   0   2]
 [  0   0   0   0   0   0 181   0   0   0]
 [  0   0   0   0   0   0   0 174   1   4]
 [  0  11   0   2   0   1   0   0 158   2]
 [  0   2   0   2   0   2   0   0   3 171]]

manhattan - k: 1
              precision    recall  f1-score   support

         0.0       0.99      1.00      1.00       178
         1.0       0.93      1.00      0.97       182
         2.0       0.99      0.99      0.99       177
         3.0       0.97      0.98      0.98       183
         4.0       0.98      0.98      0.98       181
         5.0       0.97      0.98      0.98       182
         6.0       0.99      0.99      0.99       181
         7.0       0.99      0.97      0.98       179
         8.0       0.98      0.93      0.95       174
         9.0       0.94      0.93      0.94       180

    accuracy                           0.98      1797
   macro avg       0.98      0.98      0.98      1797
weighted avg       0.98      0.98      0.98      1797

[[178   0   0   0   0   0   0   0   0   0]
 [  0 182   0   0   0   0   0   0   0   0]
 [  0   2 175   0   0   0   0   0   0   0]
 [  0   0   0 180   0   0   0   2   0   1]
 [  0   2   0   0 178   0   0   0   1   0]
 [  0   0   0   0   1 179   0   0   0   2]
 [  1   0   0   0   0   1 179   0   0   0]
 [  0   0   0   0   0   0   0 174   0   5]
 [  0   9   1   0   0   0   1   0 161   2]
 [  0   0   0   5   2   4   0   0   2 167]]

manhattan - k: 3
              precision    recall  f1-score   support

         0.0       0.99      1.00      0.99       178
         1.0       0.91      1.00      0.95       182
         2.0       0.99      0.97      0.98       177
         3.0       0.97      0.97      0.97       183
         4.0       0.99      0.97      0.98       181
         5.0       0.97      0.98      0.98       182
         6.0       1.00      0.99      0.99       181
         7.0       0.98      0.97      0.98       179
         8.0       0.96      0.90      0.93       174
         9.0       0.95      0.96      0.95       180

    accuracy                           0.97      1797
   macro avg       0.97      0.97      0.97      1797
weighted avg       0.97      0.97      0.97      1797

[[178   0   0   0   0   0   0   0   0   0]
 [  0 182   0   0   0   0   0   0   0   0]
 [  0   4 171   0   0   0   0   1   1   0]
 [  0   0   0 177   0   1   0   2   3   0]
 [  0   3   0   0 176   0   0   0   1   1]
 [  0   0   0   0   1 179   0   0   0   2]
 [  2   0   0   0   0   0 179   0   0   0]
 [  0   0   0   0   0   0   0 174   1   4]
 [  0  10   2   3   0   1   0   0 156   2]
 [  0   1   0   2   0   4   0   0   1 172]]

manhattan - k: 5
              precision    recall  f1-score   support

         0.0       0.99      1.00      0.99       178
         1.0       0.90      1.00      0.95       182
         2.0       0.99      0.97      0.98       177
         3.0       0.97      0.96      0.96       183
         4.0       0.99      0.97      0.98       181
         5.0       0.97      0.98      0.98       182
         6.0       1.00      0.99      1.00       181
         7.0       0.99      0.96      0.97       179
         8.0       0.95      0.91      0.93       174
         9.0       0.95      0.94      0.94       180

    accuracy                           0.97      1797
   macro avg       0.97      0.97      0.97      1797
weighted avg       0.97      0.97      0.97      1797

[[178   0   0   0   0   0   0   0   0   0]
 [  0 182   0   0   0   0   0   0   0   0]
 [  0   4 172   0   0   0   0   0   1   0]
 [  0   1   0 176   0   1   0   2   3   0]
 [  0   4   0   0 176   0   0   0   1   0]
 [  0   0   0   0   1 179   0   0   0   2]
 [  1   0   0   0   0   0 180   0   0   0]
 [  0   0   0   0   0   0   0 172   2   5]
 [  0  10   0   3   0   1   0   0 158   2]
 [  1   1   1   3   0   3   0   0   2 169]]

manhattan - k: 7
              precision    recall  f1-score   support

         0.0       0.99      1.00      1.00       178
         1.0       0.91      0.99      0.95       182
         2.0       0.99      0.97      0.98       177
         3.0       0.97      0.96      0.97       183
         4.0       0.99      0.98      0.99       181
         5.0       0.97      0.98      0.98       182
         6.0       0.99      0.99      0.99       181
         7.0       0.98      0.97      0.97       179
         8.0       0.96      0.91      0.93       174
         9.0       0.94      0.94      0.94       180

    accuracy                           0.97      1797
   macro avg       0.97      0.97      0.97      1797
weighted avg       0.97      0.97      0.97      1797

[[178   0   0   0   0   0   0   0   0   0]
 [  0 181   0   0   0   0   1   0   0   0]
 [  0   4 172   0   0   0   0   1   0   0]
 [  0   1   0 176   0   1   0   2   3   0]
 [  0   3   0   0 177   0   0   0   1   0]
 [  0   0   0   0   1 179   0   0   0   2]
 [  1   0   0   0   0   0 180   0   0   0]
 [  0   0   0   0   0   0   0 173   1   5]
 [  0  10   0   3   0   0   0   0 158   3]
 [  0   1   1   2   0   4   0   0   2 170]]

manhattan - k: 9
              precision    recall  f1-score   support

         0.0       0.99      1.00      0.99       178
         1.0       0.91      0.99      0.95       182
         2.0       1.00      0.97      0.98       177
         3.0       0.98      0.96      0.97       183
         4.0       0.99      0.98      0.99       181
         5.0       0.98      0.98      0.98       182
         6.0       0.99      0.99      0.99       181
         7.0       0.98      0.97      0.97       179
         8.0       0.96      0.92      0.94       174
         9.0       0.95      0.96      0.95       180

    accuracy                           0.97      1797
   macro avg       0.97      0.97      0.97      1797
weighted avg       0.97      0.97      0.97      1797

[[178   0   0   0   0   0   0   0   0   0]
 [  0 181   0   0   0   0   1   0   0   0]
 [  0   4 171   0   0   0   0   2   0   0]
 [  0   1   0 176   0   1   0   2   3   0]
 [  0   3   0   0 178   0   0   0   0   0]
 [  0   0   0   0   1 178   1   0   0   2]
 [  1   0   0   0   0   0 180   0   0   0]
 [  0   0   0   0   0   0   0 173   1   5]
 [  0  10   0   2   0   0   0   0 160   2]
 [  1   0   0   2   0   2   0   0   3 172]]

manhattan - k: 11
              precision    recall  f1-score   support

         0.0       0.99      1.00      0.99       178
         1.0       0.90      0.99      0.95       182
         2.0       1.00      0.96      0.98       177
         3.0       0.97      0.97      0.97       183
         4.0       0.99      0.98      0.99       181
         5.0       0.97      0.98      0.98       182
         6.0       0.99      0.99      0.99       181
         7.0       0.98      0.98      0.98       179
         8.0       0.95      0.90      0.93       174
         9.0       0.96      0.94      0.95       180

    accuracy                           0.97      1797
   macro avg       0.97      0.97      0.97      1797
weighted avg       0.97      0.97      0.97      1797

[[178   0   0   0   0   0   0   0   0   0]
 [  0 181   0   0   0   0   1   0   0   0]
 [  0   4 170   0   0   0   0   2   1   0]
 [  0   0   0 177   0   2   0   1   3   0]
 [  0   3   0   0 178   0   0   0   0   0]
 [  0   0   0   0   1 178   1   0   0   2]
 [  1   0   0   0   0   1 179   0   0   0]
 [  0   0   0   0   0   0   0 175   1   3]
 [  0  12   0   3   0   0   0   0 157   2]
 [  1   1   0   3   0   2   0   0   3 170]]

manhattan - k: 13
              precision    recall  f1-score   support

         0.0       0.99      1.00      1.00       178
         1.0       0.89      0.99      0.94       182
         2.0       1.00      0.97      0.98       177
         3.0       0.97      0.96      0.96       183
         4.0       0.99      0.98      0.99       181
         5.0       0.98      0.98      0.98       182
         6.0       0.99      0.99      0.99       181
         7.0       0.98      0.98      0.98       179
         8.0       0.95      0.90      0.92       174
         9.0       0.96      0.94      0.95       180

    accuracy                           0.97      1797
   macro avg       0.97      0.97      0.97      1797
weighted avg       0.97      0.97      0.97      1797

[[178   0   0   0   0   0   0   0   0   0]
 [  0 181   0   0   0   0   1   0   0   0]
 [  0   4 171   0   0   0   0   2   0   0]
 [  0   0   0 176   0   1   0   2   4   0]
 [  0   3   0   0 177   0   0   0   1   0]
 [  0   0   0   0   1 178   1   0   0   2]
 [  1   0   0   0   0   0 180   0   0   0]
 [  0   0   0   0   0   0   0 175   1   3]
 [  0  13   0   3   0   0   0   0 156   2]
 [  0   2   0   3   0   2   0   0   3 170]]

manhattan - k: 15
              precision    recall  f1-score   support

         0.0       0.99      1.00      0.99       178
         1.0       0.89      0.99      0.94       182
         2.0       1.00      0.97      0.98       177
         3.0       0.96      0.96      0.96       183
         4.0       0.99      0.98      0.99       181
         5.0       0.98      0.98      0.98       182
         6.0       0.99      0.99      0.99       181
         7.0       0.98      0.97      0.97       179
         8.0       0.95      0.90      0.92       174
         9.0       0.95      0.93      0.94       180

    accuracy                           0.97      1797
   macro avg       0.97      0.97      0.97      1797
weighted avg       0.97      0.97      0.97      1797

[[178   0   0   0   0   0   0   0   0   0]
 [  0 181   0   0   0   0   1   0   0   0]
 [  0   4 171   0   0   0   0   2   0   0]
 [  0   0   0 176   0   1   0   2   4   0]
 [  0   3   0   0 177   0   0   0   1   0]
 [  0   0   0   0   1 178   1   0   0   2]
 [  1   0   0   0   0   0 180   0   0   0]
 [  0   0   0   0   0   0   0 174   1   4]
 [  0  13   0   3   0   0   0   0 156   2]
 [  1   2   0   4   0   2   0   0   3 168]]

manhattan - k: 17
              precision    recall  f1-score   support

         0.0       0.98      1.00      0.99       178
         1.0       0.89      0.99      0.94       182
         2.0       0.99      0.97      0.98       177
         3.0       0.97      0.96      0.96       183
         4.0       0.99      0.98      0.99       181
         5.0       0.98      0.98      0.98       182
         6.0       0.99      0.99      0.99       181
         7.0       0.98      0.97      0.97       179
         8.0       0.94      0.89      0.91       174
         9.0       0.95      0.94      0.95       180

    accuracy                           0.97      1797
   macro avg       0.97      0.97      0.97      1797
weighted avg       0.97      0.97      0.97      1797

[[178   0   0   0   0   0   0   0   0   0]
 [  0 180   1   0   0   0   1   0   0   0]
 [  0   4 171   0   0   0   0   2   0   0]
 [  0   0   0 175   0   1   0   2   5   0]
 [  0   3   0   0 177   0   0   0   1   0]
 [  0   0   0   0   1 178   1   0   0   2]
 [  2   0   0   0   0   0 179   0   0   0]
 [  0   0   0   0   0   0   0 174   1   4]
 [  0  14   0   3   0   1   0   0 154   2]
 [  1   2   0   3   0   2   0   0   3 169]]

manhattan - k: 19
              precision    recall  f1-score   support

         0.0       0.98      0.99      0.99       178
         1.0       0.88      0.99      0.93       182
         2.0       0.99      0.96      0.98       177
         3.0       0.97      0.96      0.96       183
         4.0       0.99      0.97      0.98       181
         5.0       0.97      0.98      0.98       182
         6.0       0.99      0.99      0.99       181
         7.0       0.97      0.97      0.97       179
         8.0       0.94      0.87      0.90       174
         9.0       0.95      0.94      0.94       180

    accuracy                           0.96      1797
   macro avg       0.96      0.96      0.96      1797
weighted avg       0.96      0.96      0.96      1797

[[177   0   0   0   1   0   0   0   0   0]
 [  0 180   1   0   0   0   1   0   0   0]
 [  0   4 170   0   0   0   0   2   1   0]
 [  0   0   0 175   0   2   0   2   4   0]
 [  0   4   0   0 176   0   0   0   1   0]
 [  0   0   0   0   1 178   1   0   0   2]
 [  2   0   0   0   0   0 179   0   0   0]
 [  0   0   0   0   0   0   0 174   1   4]
 [  0  14   0   3   0   1   0   1 152   3]
 [  1   2   0   3   0   2   0   0   3 169]]

